# 2 ms RMS envelope (48 kHz, 96-sample hops, one f32 per line) of a real Doctor capture:
# E2E Doctor Oracle fixture (list index 407) footswitch 13 WASHED = ACD_TMLargePlate
# wetdrymix 0.65 / decay 0.7 (the fixture's values at capture time; the seeded fixture has since
# moved to mix 0.9 / decay 0.9 for gate margin -- this envelope stays as captured, it pins the
# alignment math, not the fixture), `probe --doctor-fs 407 13`, fw 1.8.45, 2026-08-24.
# Stimulus: guitar-humbucker, leveller::doctor_stim_slice (200 ms pad + 3000 ms).
# Ground truth: signal starts at hop 115 (230 ms) -> true inject latency ~30 ms.
# audio::estimate_onset on the full capture: best corr 0.370 at lag 136 ms (NOT confident);
# the correlation curve is flat (0.27-0.37 over 0..250 ms) -- there is no peak.
# tail_energy_ratio on this envelope (body_len 1600 hops = padded 3200 ms stimulus):
# un-aligned body_start 0 -> -8.84 dB; aligned body_start 15 hops (30 ms) -> -9.58 dB;
# aligned + tail pinned to 750 hops (DOCTOR_TAIL_MS 1500 ms) -> -9.54 dB;
# 100 ms late (body_start 50 hops) -> -11.10 dB.
3.650118e-05
3.854833e-05
5.190155e-05
3.641485e-05
5.923399e-05
3.335155e-05
5.462203e-05
3.363365e-05
3.299917e-05
3.470615e-05
2.264970e-05
3.503399e-05
2.710309e-05
1.868401e-05
2.479695e-05
1.285220e-05
1.685614e-05
1.001480e-05
7.384817e-06
8.821980e-06
1.248821e-05
1.315902e-05
9.214388e-06
1.914516e-05
1.685563e-05
1.395368e-05
1.959945e-05
1.981476e-05
1.818665e-05
3.005093e-05
2.222874e-05
3.153932e-05
2.766231e-05
2.971637e-05
3.272758e-05
2.111517e-05
3.075231e-05
2.040588e-05
2.593827e-05
2.437151e-05
1.754689e-05
2.282659e-05
2.075288e-05
2.218079e-05
3.315462e-05
2.193835e-05
3.923492e-05
2.444114e-05
3.753009e-05
3.046970e-05
2.475089e-05
3.181365e-05
2.278224e-05
2.778189e-05
2.913172e-05
1.914826e-05
2.826048e-05
2.277342e-05
2.363098e-05
2.765678e-05
1.954248e-05
2.868281e-05
2.673648e-05
2.920222e-05
3.040932e-05
2.258143e-05
2.885407e-05
1.579819e-05
2.863360e-05
1.424599e-05
2.444624e-05
1.789944e-05
2.039933e-05
2.501136e-05
1.475530e-05
2.356519e-05
1.169397e-05
1.606371e-05
9.781669e-06
9.111259e-06
8.686112e-06
4.922266e-06
7.582578e-06
1.233612e-05
7.554678e-06
1.352708e-05
7.863491e-06
1.461192e-05
1.358783e-05
1.148427e-05
1.366191e-05
9.524058e-06
1.442477e-05
6.395761e-06
1.306378e-05
7.524372e-06
1.494520e-05
7.419301e-06
1.102485e-05
7.326189e-06
1.164811e-05
9.749965e-06
9.601765e-06
1.085617e-05
9.998158e-06
1.924270e-05
1.395402e-05
1.870463e-05
1.607899e-05
1.317658e-05
2.231710e-05
1.286584e-05
2.085020e-05
1.429739e-05
1.458859e-05
2.264154e-02
3.418988e-02
4.141402e-02
3.831989e-02
3.625968e-02
4.477538e-02
4.256975e-02
3.880898e-02
3.945377e-02
4.692040e-02
4.300363e-02
3.822826e-02
4.090503e-02
4.852143e-02
7.389814e-02
9.733052e-02
6.246909e-02
9.353390e-02
8.592678e-02
9.227612e-02
6.924206e-02
6.362694e-02
8.792687e-02
8.877790e-02
9.853085e-02
8.086900e-02
7.780801e-02
7.494107e-02
7.422399e-02
7.895174e-02
9.292384e-02
5.590403e-02
5.393367e-02
7.668131e-02
8.739074e-02
9.033686e-02
8.564664e-02
6.531366e-02
6.491563e-02
7.813861e-02
8.475426e-02
7.693985e-02
6.262469e-02
7.467163e-02
8.197652e-02
7.179912e-02
5.177104e-02
8.088104e-02
6.260061e-02
1.055420e-01
7.773712e-02
8.977400e-02
6.239231e-02
7.372934e-02
7.357454e-02
6.448182e-02
6.453497e-02
9.587649e-02
8.814382e-02
1.042921e-01
4.558986e-02
9.547082e-02
1.034699e-01
9.219435e-02
1.190028e-01
1.336282e-01
1.071837e-01
1.214975e-01
6.863034e-02
6.662617e-02
8.715253e-02
8.643330e-02
1.070795e-01
4.658704e-02
1.127042e-01
9.088155e-02
1.076072e-01
1.193988e-01
1.255743e-01
1.037006e-01
1.161221e-01
7.728368e-02
8.025943e-02
5.908041e-02
1.248747e-01
1.301270e-01
7.957672e-02
1.000887e-01
1.489115e-01
1.261081e-01
1.083660e-01
1.080858e-01
1.015530e-01
1.065105e-01
7.648318e-02
1.101911e-01
1.170489e-01
9.025905e-02
7.500139e-02
9.052052e-02
1.235351e-01
1.032809e-01
1.022101e-01
1.575898e-01
1.090021e-01
8.153438e-02
1.104528e-01
1.102180e-01
6.142110e-02
8.874334e-02
1.103626e-01
1.594047e-01
1.393058e-01
1.308840e-01
1.205444e-01
1.081318e-01
9.869299e-02
1.097168e-01
1.451081e-01
1.171961e-01
9.988959e-02
1.093187e-01
9.643208e-02
6.452987e-02
1.223111e-01
1.157587e-01
9.277143e-02
9.076944e-02
1.482763e-01
1.334430e-01
9.515105e-02
1.074626e-01
9.407185e-02
1.530025e-01
1.505649e-01
1.601758e-01
1.286151e-01
1.445754e-01
1.556259e-01
2.398519e-01
1.768719e-01
1.136081e-01
1.858074e-01
8.263614e-02
1.079715e-01
1.451474e-01
8.791632e-02
1.604467e-01
1.391880e-01
1.093719e-01
8.987593e-02
1.290697e-01
1.055823e-01
1.322038e-01
1.240861e-01
9.234451e-02
6.127603e-02
1.341262e-01
1.281067e-01
9.362150e-02
1.589865e-01
1.234151e-01
1.775152e-01
1.056618e-01
1.004354e-01
9.042775e-02
9.331095e-02
1.077720e-01
1.013548e-01
1.266349e-01
9.797257e-02
1.038034e-01
1.124117e-01
1.119513e-01
8.429102e-02
1.550537e-01
1.037441e-01
1.627209e-01
1.486275e-01
1.232827e-01
8.435490e-02
1.450486e-01
1.237885e-01
1.219465e-01
9.962150e-02
1.284958e-01
1.579549e-01
1.439407e-01
1.070650e-01
1.273477e-01
1.247138e-01
8.902045e-02
1.080474e-01
9.916370e-02
1.383821e-01
1.015806e-01
1.297249e-01
1.244380e-01
1.346023e-01
1.041206e-01
1.349749e-01
1.266126e-01
1.153466e-01
9.198489e-02
8.249796e-02
1.213985e-01
1.111659e-01
8.312288e-02
1.303405e-01
6.779259e-02
9.633921e-02
8.819913e-02
1.095215e-01
1.154351e-01
9.865603e-02
1.145998e-01
1.394013e-01
1.241998e-01
1.509692e-01
1.402787e-01
1.529890e-01
1.085427e-01
1.762073e-01
1.365446e-01
1.172899e-01
8.715129e-02
1.134937e-01
1.322029e-01
7.777944e-02
8.730751e-02
1.305204e-01
1.376160e-01
1.338468e-01
1.404616e-01
8.266306e-02
1.179398e-01
1.385142e-01
1.282260e-01
1.355567e-01
9.447812e-02
1.050958e-01
1.255317e-01
1.363390e-01
6.802800e-02
1.209569e-01
9.244779e-02
1.061048e-01
1.211038e-01
9.512819e-02
1.011021e-01
9.069969e-02
1.371873e-01
1.865435e-01
1.025675e-01
1.134784e-01
1.385987e-01
1.018571e-01
1.100808e-01
1.451540e-01
8.564231e-02
1.037406e-01
1.367378e-01
1.011977e-01
1.437432e-01
1.163120e-01
9.656920e-02
9.964949e-02
1.501511e-01
1.155040e-01
9.712777e-02
8.448019e-02
1.176580e-01
7.622753e-02
1.328607e-01
9.438825e-02
1.356808e-01
1.172037e-01
1.167283e-01
1.247434e-01
1.044299e-01
1.020063e-01
1.115996e-01
1.206538e-01
1.307808e-01
9.455892e-02
7.427065e-02
1.576107e-01
1.509964e-01
1.233624e-01
9.090369e-02
7.125378e-02
8.827441e-02
1.014504e-01
1.089505e-01
1.050128e-01
1.475180e-01
1.238931e-01
1.544881e-01
1.476502e-01
1.009313e-01
7.062061e-02
1.235684e-01
1.162433e-01
1.120016e-01
8.723516e-02
1.470168e-01
1.457891e-01
1.232577e-01
1.386009e-01
1.260549e-01
1.058021e-01
1.095956e-01
1.134231e-01
1.083680e-01
1.155897e-01
1.620519e-01
1.240061e-01
1.040941e-01
1.431418e-01
9.580163e-02
1.697871e-01
1.524979e-01
8.852180e-02
1.020758e-01
1.010375e-01
6.485608e-02
1.145060e-01
2.043836e-01
1.403584e-01
1.201283e-01
9.232479e-02
1.229578e-01
1.219889e-01
1.172001e-01
1.324352e-01
1.514289e-01
1.255867e-01
1.266598e-01
1.198797e-01
1.109291e-01
1.273517e-01
1.246669e-01
1.476946e-01
1.353763e-01
8.197491e-02
9.747847e-02
1.527849e-01
1.275616e-01
1.435335e-01
1.394966e-01
1.011751e-01
1.016269e-01
1.001598e-01
1.253256e-01
1.055021e-01
1.378347e-01
1.649393e-01
1.506759e-01
9.011081e-02
1.292290e-01
1.298964e-01
1.899203e-01
1.084353e-01
1.274360e-01
7.725689e-02
1.295404e-01
1.435431e-01
1.335756e-01
1.061806e-01
8.094199e-02
1.362929e-01
1.313184e-01
1.814394e-01
1.380267e-01
7.377315e-02
1.299454e-01
1.216334e-01
9.499372e-02
1.141175e-01
1.416485e-01
1.001211e-01
8.499774e-02
1.034530e-01
1.120738e-01
1.109399e-01
1.116062e-01
1.053185e-01
1.261424e-01
1.657969e-01
1.279332e-01
1.388791e-01
1.239385e-01
1.238921e-01
1.166260e-01
1.071089e-01
1.104891e-01
1.114359e-01
1.111426e-01
1.132149e-01
1.640625e-01
1.928914e-01
1.736288e-01
1.135399e-01
1.436130e-01
1.127119e-01
1.112645e-01
1.598016e-01
1.073137e-01
1.503470e-01
1.640149e-01
1.913032e-01
1.294691e-01
1.173703e-01
1.056291e-01
1.678814e-01
1.000881e-01
1.171489e-01
1.195201e-01
1.207725e-01
1.257422e-01
1.667039e-01
1.656310e-01
1.811268e-01
8.727783e-02
6.905787e-02
1.055013e-01
9.084825e-02
8.994234e-02
1.180800e-01
1.544476e-01
1.178097e-01
1.109248e-01
1.929405e-01
1.579750e-01
8.126580e-02
1.289565e-01
7.156085e-02
1.390195e-01
8.559424e-02
9.609494e-02
1.020795e-01
1.255650e-01
1.199485e-01
1.249212e-01
1.650666e-01
1.166006e-01
1.096835e-01
1.626645e-01
1.295539e-01
1.134438e-01
8.593623e-02
1.293387e-01
2.015392e-01
1.730347e-01
1.440994e-01
8.841775e-02
7.709569e-02
8.575902e-02
1.677348e-01
1.770083e-01
8.300265e-02
1.170137e-01
1.165540e-01
1.161167e-01
1.126969e-01
1.095442e-01
1.579849e-01
1.797164e-01
1.314974e-01
1.367531e-01
1.305280e-01
1.110868e-01
1.468168e-01
1.115647e-01
1.084370e-01
1.335252e-01
1.263896e-01
9.302913e-02
1.046253e-01
1.149519e-01
9.160549e-02
1.056072e-01
9.364753e-02
9.011589e-02
1.282873e-01
1.371821e-01
1.250523e-01
1.471055e-01
1.633665e-01
7.891577e-02
8.255756e-02
1.438949e-01
1.196307e-01
1.537940e-01
1.609367e-01
1.160310e-01
1.021618e-01
1.841753e-01
1.582895e-01
8.287871e-02
1.431799e-01
1.378089e-01
1.833765e-01
1.103333e-01
1.645874e-01
1.569011e-01
1.339050e-01
1.223334e-01
1.367193e-01
1.604066e-01
1.631282e-01
1.052863e-01
1.315372e-01
1.226992e-01
1.077552e-01
2.721888e-01
1.463463e-01
1.148163e-01
1.435295e-01
1.628792e-01
1.033458e-01
1.216026e-01
8.990023e-02
1.574846e-01
1.648063e-01
1.157098e-01
1.474033e-01
1.057771e-01
1.376590e-01
9.061073e-02
1.340017e-01
1.907078e-01
1.023226e-01
1.547220e-01
1.278959e-01
1.030382e-01
2.098539e-01
1.912818e-01
1.420297e-01
1.410611e-01
1.843044e-01
6.821475e-02
1.223883e-01
1.257813e-01
1.170650e-01
1.521647e-01
2.358204e-01
1.692091e-01
1.233022e-01
1.247962e-01
1.311473e-01
1.078670e-01
2.034577e-01
1.595985e-01
1.337334e-01
9.432700e-02
1.429716e-01
1.289860e-01
1.380220e-01
1.448557e-01
1.558752e-01
1.389347e-01
8.534329e-02
8.380985e-02
1.413060e-01
1.214445e-01
1.297660e-01
1.549956e-01
9.877987e-02
1.914695e-01
1.597678e-01
1.383201e-01
2.149321e-01
1.079594e-01
1.079559e-01
1.335493e-01
1.036702e-01
1.014526e-01
1.110470e-01
1.401552e-01
1.357899e-01
1.327329e-01
1.722498e-01
1.205510e-01
1.213938e-01
1.229938e-01
1.189919e-01
1.020884e-01
7.365881e-02
9.199588e-02
7.462471e-02
1.061404e-01
1.440345e-01
1.196353e-01
1.362254e-01
1.280131e-01
1.017128e-01
1.122217e-01
1.359142e-01
1.530958e-01
1.198101e-01
1.441560e-01
1.716010e-01
1.349878e-01
1.468606e-01
1.763558e-01
1.993718e-01
1.399496e-01
1.766467e-01
1.247329e-01
1.404972e-01
1.640065e-01
1.501710e-01
1.200681e-01
1.358384e-01
7.795704e-02
1.029824e-01
9.507356e-02
1.471820e-01
1.138710e-01
1.339923e-01
1.082216e-01
1.377241e-01
9.504223e-02
8.569206e-02
8.719882e-02
9.573715e-02
1.346278e-01
4.997148e-02
9.528862e-02
1.563026e-01
1.279527e-01
1.051319e-01
1.044398e-01
1.301805e-01
9.570675e-02
1.003245e-01
9.629528e-02
1.189873e-01
8.309980e-02
1.468029e-01
7.922156e-02
8.031815e-02
1.428898e-01
1.940877e-01
9.595645e-02
1.046254e-01
1.299978e-01
1.280606e-01
1.272643e-01
1.369952e-01
1.257524e-01
1.065316e-01
1.232334e-01
1.574212e-01
1.318523e-01
1.416690e-01
1.184593e-01
8.679820e-02
1.059138e-01
1.444655e-01
1.511354e-01
1.725687e-01
1.332943e-01
1.280965e-01
1.584463e-01
1.059921e-01
1.209717e-01
1.608225e-01
1.537636e-01
1.386651e-01
1.373407e-01
1.189209e-01
1.195700e-01
1.592178e-01
1.296493e-01
1.516791e-01
1.100988e-01
1.296322e-01
7.271196e-02
1.316149e-01
1.261340e-01
8.870064e-02
9.583699e-02
1.143729e-01
1.590709e-01
1.041870e-01
1.522760e-01
7.660828e-02
1.673484e-01
1.657616e-01
1.599097e-01
9.563782e-02
1.612490e-01
1.600463e-01
1.586034e-01
1.134459e-01
1.304936e-01
1.231956e-01
1.009698e-01
1.203566e-01
6.967657e-02
1.018214e-01
9.484142e-02
1.199033e-01
9.789960e-02
9.058649e-02
1.152528e-01
8.284966e-02
1.317616e-01
9.698225e-02
1.334375e-01
1.833625e-01
1.581225e-01
1.264501e-01
1.677921e-01
1.194268e-01
1.137994e-01
1.520385e-01
1.302957e-01
1.309512e-01
1.185488e-01
1.189543e-01
1.263867e-01
1.205281e-01
1.208593e-01
1.879250e-01
1.513468e-01
8.761783e-02
1.060365e-01
7.922292e-02
1.224903e-01
8.029005e-02
1.390431e-01
1.467045e-01
1.298022e-01
1.048367e-01
1.134791e-01
9.171684e-02
1.261199e-01
8.670805e-02
1.141776e-01
1.668703e-01
1.882003e-01
1.118988e-01
8.647489e-02
1.352520e-01
1.183926e-01
1.418027e-01
9.454495e-02
1.367692e-01
1.436189e-01
1.039302e-01
1.592411e-01
1.341534e-01
1.208671e-01
1.180137e-01
1.487056e-01
1.756465e-01
1.216829e-01
1.374776e-01
1.144751e-01
1.066886e-01
1.134340e-01
1.085086e-01
1.342030e-01
9.397724e-02
1.247919e-01
1.598763e-01
1.148435e-01
7.817662e-02
1.097246e-01
1.072524e-01
1.026817e-01
1.923189e-01
1.236667e-01
1.048955e-01
9.157722e-02
9.676806e-02
1.266233e-01
1.395893e-01
9.239016e-02
8.665485e-02
1.423041e-01
1.067994e-01
8.985131e-02
1.169706e-01
1.574108e-01
1.301275e-01
1.222213e-01
1.337879e-01
1.039988e-01
1.203378e-01
1.346640e-01
1.403081e-01
1.329699e-01
1.153764e-01
9.616234e-02
1.196909e-01
1.277561e-01
8.119127e-02
8.361846e-02
1.210131e-01
1.195903e-01
1.289846e-01
1.345627e-01
1.481745e-01
1.948606e-01
1.121829e-01
1.307276e-01
1.376350e-01
1.306519e-01
1.531531e-01
1.639999e-01
1.374199e-01
1.022100e-01
1.274627e-01
1.413454e-01
1.463908e-01
1.062808e-01
1.084661e-01
1.729646e-01
1.219660e-01
1.270059e-01
6.719145e-02
1.197877e-01
1.082537e-01
1.069598e-01
1.628773e-01
1.314939e-01
1.161436e-01
9.739559e-02
9.022127e-02
1.625090e-01
1.053890e-01
1.574835e-01
1.279337e-01
1.606133e-01
7.969287e-02
8.393349e-02
1.464062e-01
7.817184e-02
1.009615e-01
1.598968e-01
9.660112e-02
1.277697e-01
1.366688e-01
1.558155e-01
1.029124e-01
1.023446e-01
7.422899e-02
1.260166e-01
9.395232e-02
1.289920e-01
1.549676e-01
9.907761e-02
1.241374e-01
6.617730e-02
7.574701e-02
1.100706e-01
1.023808e-01
1.404864e-01
6.930698e-02
1.293197e-01
1.110839e-01
7.806333e-02
1.085661e-01
8.312976e-02
1.581981e-01
9.848664e-02
9.694048e-02
1.273951e-01
1.237362e-01
1.141702e-01
9.180082e-02
1.169226e-01
7.125878e-02
1.530323e-01
1.017230e-01
1.172842e-01
1.218121e-01
1.613593e-01
1.302630e-01
9.218805e-02
1.578687e-01
1.214447e-01
1.801359e-01
1.300172e-01
1.021571e-01
1.194093e-01
1.150841e-01
1.096199e-01
1.191661e-01
1.122698e-01
1.031660e-01
1.021898e-01
8.482783e-02
1.106949e-01
1.081740e-01
8.703254e-02
1.267641e-01
8.931025e-02
1.433128e-01
9.220974e-02
1.114806e-01
1.221235e-01
9.001062e-02
1.545302e-01
1.066806e-01
7.009309e-02
1.320163e-01
8.858199e-02
7.355497e-02
9.782727e-02
1.644081e-01
1.100096e-01
1.014984e-01
8.602361e-02
1.204652e-01
1.035889e-01
6.722754e-02
1.211936e-01
1.156025e-01
1.027357e-01
1.242072e-01
8.501264e-02
1.117432e-01
1.769300e-01
1.119069e-01
7.850279e-02
1.684354e-01
1.392669e-01
7.458380e-02
1.133234e-01
1.304139e-01
1.317099e-01
1.256681e-01
8.240106e-02
1.291756e-01
1.554964e-01
1.471457e-01
1.033007e-01
8.074560e-02
1.431073e-01
1.216131e-01
1.125512e-01
1.410586e-01
1.517148e-01
1.262604e-01
1.323759e-01
2.043156e-01
8.861823e-02
1.576313e-01
1.378295e-01
8.399529e-02
7.232622e-02
1.392013e-01
1.238504e-01
6.834752e-02
1.042266e-01
8.887278e-02
9.615546e-02
1.027515e-01
8.391080e-02
6.931428e-02
8.870288e-02
9.225685e-02
1.415912e-01
9.835054e-02
1.422734e-01
1.203997e-01
1.278109e-01
1.350023e-01
1.516450e-01
1.682194e-01
1.209824e-01
1.216446e-01
6.620218e-02
1.248393e-01
1.361884e-01
8.758862e-02
7.822084e-02
1.369664e-01
1.640181e-01
1.450242e-01
1.152434e-01
1.540239e-01
1.467592e-01
1.832866e-01
1.402542e-01
1.623821e-01
9.989537e-02
1.139622e-01
1.474630e-01
1.621860e-01
1.719560e-01
9.963016e-02
8.285585e-02
6.991186e-02
1.225137e-01
9.943192e-02
1.322161e-01
1.217862e-01
1.595377e-01
1.532311e-01
1.504742e-01
1.070636e-01
1.223303e-01
9.221440e-02
9.605464e-02
9.875318e-02
1.298013e-01
1.150153e-01
1.291343e-01
1.672968e-01
1.453154e-01
1.569491e-01
1.508895e-01
7.346594e-02
7.082874e-02
1.141828e-01
1.038325e-01
1.129942e-01
1.045906e-01
1.600451e-01
1.560632e-01
1.891918e-01
1.024634e-01
1.293020e-01
8.367535e-02
1.457960e-01
1.101761e-01
9.581192e-02
7.601563e-02
1.701941e-01
1.632936e-01
1.113916e-01
1.336315e-01
1.964899e-01
7.924423e-02
1.778944e-01
1.707887e-01
1.159027e-01
1.543534e-01
1.338949e-01
1.513051e-01
1.069076e-01
1.207443e-01
1.577590e-01
1.417485e-01
1.033644e-01
9.141363e-02
7.271314e-02
7.933021e-02
1.391773e-01
1.525892e-01
1.532776e-01
1.912122e-01
1.269182e-01
1.000631e-01
1.567995e-01
9.680818e-02
9.555093e-02
9.623034e-02
1.016466e-01
8.177837e-02
9.057219e-02
9.517034e-02
9.896302e-02
9.675423e-02
7.029004e-02
8.653727e-02
7.067196e-02
1.184318e-01
1.097432e-01
1.319491e-01
1.531640e-01
1.271968e-01
9.951326e-02
1.022058e-01
1.471324e-01
1.127496e-01
1.456791e-01
8.273382e-02
1.092607e-01
1.706554e-01
1.613583e-01
9.663724e-02
1.214621e-01
1.435124e-01
1.231833e-01
1.168196e-01
1.335060e-01
1.384372e-01
1.281335e-01
1.166199e-01
1.215050e-01
8.887506e-02
9.665235e-02
8.308413e-02
7.115534e-02
1.909061e-01
1.566651e-01
1.183666e-01
1.425827e-01
1.759436e-01
1.665524e-01
1.594496e-01
1.703517e-01
1.554232e-01
1.532094e-01
1.112382e-01
1.010537e-01
1.279760e-01
1.154308e-01
9.333828e-02
8.225758e-02
1.048379e-01
1.649588e-01
1.231328e-01
2.288000e-01
1.699476e-01
1.113711e-01
1.514474e-01
1.728983e-01
9.831402e-02
1.336780e-01
9.323833e-02
1.555094e-01
1.576233e-01
1.585808e-01
1.395575e-01
1.353043e-01
7.598116e-02
1.166054e-01
1.633944e-01
1.256364e-01
1.424278e-01
1.342433e-01
1.272730e-01
1.023321e-01
1.338498e-01
1.072115e-01
9.649426e-02
1.459226e-01
1.087230e-01
1.119048e-01
1.012376e-01
8.867343e-02
1.131690e-01
7.825535e-02
9.594770e-02
1.401752e-01
1.628967e-01
1.111853e-01
1.072079e-01
1.416510e-01
9.942238e-02
1.065264e-01
1.167964e-01
1.280153e-01
1.201572e-01
1.111405e-01
1.341845e-01
1.657433e-01
1.314931e-01
1.261029e-01
1.582421e-01
9.363228e-02
9.757356e-02
8.343780e-02
1.035681e-01
1.346738e-01
1.030178e-01
1.137892e-01
1.205715e-01
7.575808e-02
1.464888e-01
1.113036e-01
1.063001e-01
1.183307e-01
1.369574e-01
1.388159e-01
1.464867e-01
1.295902e-01
1.152704e-01
7.987024e-02
8.472088e-02
1.753021e-01
1.039945e-01
9.852730e-02
1.313573e-01
1.686138e-01
9.878095e-02
1.234155e-01
1.287255e-01
9.619766e-02
1.274802e-01
8.491066e-02
1.261466e-01
1.395952e-01
9.912626e-02
1.166046e-01
1.304911e-01
6.702720e-02
1.247651e-01
1.153932e-01
7.824992e-02
1.432882e-01
1.157713e-01
8.025798e-02
9.209640e-02
1.142875e-01
1.070334e-01
1.113924e-01
1.492882e-01
1.265562e-01
1.289635e-01
1.197230e-01
1.292605e-01
1.550817e-01
1.254118e-01
8.950368e-02
9.394645e-02
6.987536e-02
1.015418e-01
1.407956e-01
1.465112e-01
1.661900e-01
1.109755e-01
1.039072e-01
1.416293e-01
1.882593e-01
8.563832e-02
1.421355e-01
1.519805e-01
1.239064e-01
1.391834e-01
1.076653e-01
9.546457e-02
1.319186e-01
1.634039e-01
1.006909e-01
1.016758e-01
1.123062e-01
1.259540e-01
9.283150e-02
1.425919e-01
1.223022e-01
1.079449e-01
1.557036e-01
1.373858e-01
1.766740e-01
1.507568e-01
1.577968e-01
1.313124e-01
9.797555e-02
1.450352e-01
1.262308e-01
8.091125e-02
1.215853e-01
1.165617e-01
8.908346e-02
1.100106e-01
1.673447e-01
1.439347e-01
1.343805e-01
1.124710e-01
1.937011e-01
1.156537e-01
1.503895e-01
9.096192e-02
1.574681e-01
1.185163e-01
1.271441e-01
1.129107e-01
9.420665e-02
1.057333e-01
1.611614e-01
2.020325e-01
1.562977e-01
1.485648e-01
1.016564e-01
1.021834e-01
1.330485e-01
7.972051e-02
1.751691e-01
1.193815e-01
2.015743e-01
1.501895e-01
1.209872e-01
1.666543e-01
1.225811e-01
1.380500e-01
8.658388e-02
1.211384e-01
1.527191e-01
8.596796e-02
1.466828e-01
1.570785e-01
7.677131e-02
1.402642e-01
1.002178e-01
1.150241e-01
1.212777e-01
1.336582e-01
1.551116e-01
1.074262e-01
1.058597e-01
1.206492e-01
1.307772e-01
1.337627e-01
9.536926e-02
1.320897e-01
1.091904e-01
8.808405e-02
9.302727e-02
1.060127e-01
1.100046e-01
1.207722e-01
1.390979e-01
1.181447e-01
1.057744e-01
1.207669e-01
6.581467e-02
1.220897e-01
2.076249e-01
1.037838e-01
1.185957e-01
1.058280e-01
1.510482e-01
1.641215e-01
1.235514e-01
9.809018e-02
1.260610e-01
1.767530e-01
1.434552e-01
1.298883e-01
1.462997e-01
1.392335e-01
1.137568e-01
1.367494e-01
1.595217e-01
9.313348e-02
1.773714e-01
1.023143e-01
1.277521e-01
1.490500e-01
1.070785e-01
1.136724e-01
1.151431e-01
1.131139e-01
8.996339e-02
1.099950e-01
1.034236e-01
1.638908e-01
1.200486e-01
9.319134e-02
1.379985e-01
1.245965e-01
1.363968e-01
1.483505e-01
1.660442e-01
1.042338e-01
1.195468e-01
1.022192e-01
1.149042e-01
1.496784e-01
1.434410e-01
1.589500e-01
1.304665e-01
1.495618e-01
8.762823e-02
1.365301e-01
1.442190e-01
8.877243e-02
9.858364e-02
1.092709e-01
1.794216e-01
1.182117e-01
8.623551e-02
1.115051e-01
1.995324e-01
9.077513e-02
1.196542e-01
1.358910e-01
1.297903e-01
1.036380e-01
1.399904e-01
1.341783e-01
9.713581e-02
1.317278e-01
7.948742e-02
1.017241e-01
7.160300e-02
1.252980e-01
8.618075e-02
1.017614e-01
1.575472e-01
1.548503e-01
1.538048e-01
1.104366e-01
1.434473e-01
1.259783e-01
1.242701e-01
9.735188e-02
8.715921e-02
1.065823e-01
1.389705e-01
1.371751e-01
1.063012e-01
1.242560e-01
1.026118e-01
1.056456e-01
1.616654e-01
1.477428e-01
1.534503e-01
1.807318e-01
1.338755e-01
1.222828e-01
1.265778e-01
1.169782e-01
1.515074e-01
1.403837e-01
1.652840e-01
9.474747e-02
1.209634e-01
1.431276e-01
1.475214e-01
1.062628e-01
1.382724e-01
1.734658e-01
1.603976e-01
1.816639e-01
9.410902e-02
1.059923e-01
1.054158e-01
1.692823e-01
1.327534e-01
7.956486e-02
9.036713e-02
1.217364e-01
1.096141e-01
9.351425e-02
1.118269e-01
9.735220e-02
1.176114e-01
1.164427e-01
1.194087e-01
1.545414e-01
8.328242e-02
1.287640e-01
1.151309e-01
1.219815e-01
1.258276e-01
9.477043e-02
1.059875e-01
1.307560e-01
1.139827e-01
1.040262e-01
8.660707e-02
1.204010e-01
7.402150e-02
8.261165e-02
1.661871e-01
1.285123e-01
1.054808e-01
1.592869e-01
1.803956e-01
8.008790e-02
8.350458e-02
1.228791e-01
1.131207e-01
8.828098e-02
8.432343e-02
8.107397e-02
1.614044e-01
1.500877e-01
1.680972e-01
1.438898e-01
1.279309e-01
1.181348e-01
1.115944e-01
1.054098e-01
1.172447e-01
1.864500e-01
1.792847e-01
1.207459e-01
1.121353e-01
7.898781e-02
9.719952e-02
1.159516e-01
9.546894e-02
1.015344e-01
1.269417e-01
9.839807e-02
1.387443e-01
5.995393e-02
1.645884e-01
1.348554e-01
1.121971e-01
8.729865e-02
9.539642e-02
1.418459e-01
1.028877e-01
1.562534e-01
1.670845e-01
1.475891e-01
8.379853e-02
9.016840e-02
8.163795e-02
8.146557e-02
1.149117e-01
1.007566e-01
9.012260e-02
1.346519e-01
9.612753e-02
9.483338e-02
6.554203e-02
9.110724e-02
1.191678e-01
1.205976e-01
1.183118e-01
8.055356e-02
6.294034e-02
9.222251e-02
6.407335e-02
5.682349e-02
8.817706e-02
6.731626e-02
9.116941e-02
1.095985e-01
9.533825e-02
1.374599e-01
8.252334e-02
7.707980e-02
1.139499e-01
1.112914e-01
1.130647e-01
7.733151e-02
7.555809e-02
5.351010e-02
1.113302e-01
5.579775e-02
6.035611e-02
9.636949e-02
1.401338e-01
8.929051e-02
1.621447e-01
1.044015e-01
1.146940e-01
9.084409e-02
1.132123e-01
1.033407e-01
9.325170e-02
6.836428e-02
6.956663e-02
6.029945e-02
7.070875e-02
9.932229e-02
8.998140e-02
8.883725e-02
9.698757e-02
5.055991e-02
7.251227e-02
6.664370e-02
1.048898e-01
8.631056e-02
1.039495e-01
8.260400e-02
6.803321e-02
8.736927e-02
6.138806e-02
7.004848e-02
7.319175e-02
6.781351e-02
6.409020e-02
6.864230e-02
7.306066e-02
9.064177e-02
4.721502e-02
4.733970e-02
5.269588e-02
5.449396e-02
7.498901e-02
9.371082e-02
1.068745e-01
6.817296e-02
7.019856e-02
3.628713e-02
7.086394e-02
6.346279e-02
4.947610e-02
9.586114e-02
6.795549e-02
5.546067e-02
4.188283e-02
5.058137e-02
5.043451e-02
9.837264e-02
6.747333e-02
5.910881e-02
7.206025e-02
4.734662e-02
6.898743e-02
5.567862e-02
7.527184e-02
8.864279e-02
4.994737e-02
7.608254e-02
6.902362e-02
6.291837e-02
5.704928e-02
7.023021e-02
4.813750e-02
4.338825e-02
4.173781e-02
4.935977e-02
5.235061e-02
5.647209e-02
3.781839e-02
5.540575e-02
6.579474e-02
4.638803e-02
7.993912e-02
6.252540e-02
3.888515e-02
3.251801e-02
4.366030e-02
3.396152e-02
7.190965e-02
8.061038e-02
8.346884e-02
5.004029e-02
4.726565e-02
4.350929e-02
4.451555e-02
6.360043e-02
6.715975e-02
6.258781e-02
5.437844e-02
6.395051e-02
3.556201e-02
2.906548e-02
4.292952e-02
3.086894e-02
7.646236e-02
7.270108e-02
4.399623e-02
3.621875e-02
4.819941e-02
6.042452e-02
5.094359e-02
4.481720e-02
2.837965e-02
3.530426e-02
3.807114e-02
5.336116e-02
5.295907e-02
6.004243e-02
6.044095e-02
3.164735e-02
2.847102e-02
3.941241e-02
2.571144e-02
3.388665e-02
3.974422e-02
2.381926e-02
4.028651e-02
3.852958e-02
4.142414e-02
4.895087e-02
5.042280e-02
3.906466e-02
4.985507e-02
3.003379e-02
2.986966e-02
3.450981e-02
3.076030e-02
3.460755e-02
7.189011e-02
4.578866e-02
3.176063e-02
5.310217e-02
2.232728e-02
3.793423e-02
3.459422e-02
3.253020e-02
2.152736e-02
2.867133e-02
3.731244e-02
4.616837e-02
2.995203e-02
3.896512e-02
5.100762e-02
6.759502e-02
4.312962e-02
3.318722e-02
4.073721e-02
4.104445e-02
2.897568e-02
6.454003e-02
3.817465e-02
3.393195e-02
2.818967e-02
2.128632e-02
2.078259e-02
3.342705e-02
2.428453e-02
2.242872e-02
3.643369e-02
2.394768e-02
2.330276e-02
2.640863e-02
2.130178e-02
2.342991e-02
2.181018e-02
3.512982e-02
3.189240e-02
3.035295e-02
3.717333e-02
3.206326e-02
2.344156e-02
2.566576e-02
2.679129e-02
3.071475e-02
2.923611e-02
3.027235e-02
2.648190e-02
2.680391e-02
1.721479e-02
2.363798e-02
2.344321e-02
2.197494e-02
1.835289e-02
3.013094e-02
2.903321e-02
1.871256e-02
2.303056e-02
2.166396e-02
3.105187e-02
3.250187e-02
1.933567e-02
2.352535e-02
1.886473e-02
1.362103e-02
2.379142e-02
3.638900e-02
2.908729e-02
2.872893e-02
2.693318e-02
1.893783e-02
2.003671e-02
3.122116e-02
2.205899e-02
2.387848e-02
2.773936e-02
2.337469e-02
1.663545e-02
2.497082e-02
3.166013e-02
3.121776e-02
2.425440e-02
2.001582e-02
1.621437e-02
2.713593e-02
1.734295e-02
1.868068e-02
2.448342e-02
2.127468e-02
1.838013e-02
1.645364e-02
2.770114e-02
2.056455e-02
1.907007e-02
1.751613e-02
2.613883e-02
1.846782e-02
1.627012e-02
1.604154e-02
2.480574e-02
2.770036e-02
2.573224e-02
2.854680e-02
2.611189e-02
1.816149e-02
1.387535e-02
2.187181e-02
2.965139e-02
4.009348e-02
2.861596e-02
2.657256e-02
2.428868e-02
2.785001e-02
2.121806e-02
2.278356e-02
3.073637e-02
2.103602e-02
2.115773e-02
1.478686e-02
1.208504e-02
2.075286e-02
1.647003e-02
1.202420e-02
1.921947e-02
1.991762e-02
2.423981e-02
2.127201e-02
1.434540e-02
1.123422e-02
2.125900e-02
1.901808e-02
1.175343e-02
2.359301e-02
1.807118e-02
2.297019e-02
1.839119e-02
2.568104e-02
2.571034e-02
2.135507e-02
2.766175e-02
1.883703e-02
2.270390e-02
1.913603e-02
2.380374e-02
2.077353e-02
1.577251e-02
2.285652e-02
2.386981e-02
1.612851e-02
1.996360e-02
2.547207e-02
1.620665e-02
1.720961e-02
2.135434e-02
1.549139e-02
1.568862e-02
1.926479e-02
8.380260e-03
1.113054e-02
1.327022e-02
8.712132e-03
2.052879e-02
2.132832e-02
1.487773e-02
1.595029e-02
2.007868e-02
2.276011e-02
1.999912e-02
1.703937e-02
1.897698e-02
1.892248e-02
1.268429e-02
1.551691e-02
1.051540e-02
1.308714e-02
1.799384e-02
1.565423e-02
1.434608e-02
1.509357e-02
1.474906e-02
1.984314e-02
2.148928e-02
2.090528e-02
1.526891e-02
1.459264e-02
1.339868e-02
1.805153e-02
1.472234e-02
1.374203e-02
1.437830e-02
1.394253e-02
1.456263e-02
9.414332e-03
6.500884e-03
1.335151e-02
2.089088e-02
1.338565e-02
1.073406e-02
1.706785e-02
2.072507e-02
1.771094e-02
2.355481e-02
1.813329e-02
1.306061e-02
9.317131e-03
8.740017e-03
1.204144e-02
1.420594e-02
1.526999e-02
1.130865e-02
1.898370e-02
1.403920e-02
6.334615e-03
1.113924e-02
1.733876e-02
1.581055e-02
1.351229e-02
1.420345e-02
8.541665e-03
1.143631e-02
8.836829e-03
1.472321e-02
1.243284e-02
1.290308e-02
1.129405e-02
1.336790e-02
1.022894e-02
1.208514e-02
1.327239e-02
1.141648e-02
1.482498e-02
1.176635e-02
8.900819e-03
1.400236e-02
1.080311e-02
9.786670e-03
9.874977e-03
1.011210e-02
8.907632e-03
9.692071e-03
1.110722e-02
1.316800e-02
1.284132e-02
8.639029e-03
7.592161e-03
1.373894e-02
6.997199e-03
1.100346e-02
7.161056e-03
8.163192e-03
5.246095e-03
1.068624e-02
1.176958e-02
8.740594e-03
1.350815e-02
8.189221e-03
8.236526e-03
6.790282e-03
7.854016e-03
7.317362e-03
1.046337e-02
1.179677e-02
1.095067e-02
9.574022e-03
6.943510e-03
9.973480e-03
8.076207e-03
5.719941e-03
9.307973e-03
9.648877e-03
8.479293e-03
8.858083e-03
5.881350e-03
1.077746e-02
7.224769e-03
7.261413e-03
7.111917e-03
8.209890e-03
9.015342e-03
8.574803e-03
1.220808e-02
6.207706e-03
7.857973e-03
1.041688e-02
9.115219e-03
8.636666e-03
7.595221e-03
1.001987e-02
7.637969e-03
9.116478e-03
5.197004e-03
7.241150e-03
8.423288e-03
9.497664e-03
7.458405e-03
8.274135e-03
5.984127e-03
5.415809e-03
6.388395e-03
8.710487e-03
9.421524e-03
1.200378e-02
6.945190e-03
6.085567e-03
1.051076e-02
6.916480e-03
6.322929e-03
5.757595e-03
5.957756e-03
4.167960e-03
5.535740e-03
8.396054e-03
6.314151e-03
3.567761e-03
6.950718e-03
5.224721e-03
5.834218e-03
5.378461e-03
5.433798e-03
6.528734e-03
6.797813e-03
9.878169e-03
9.229967e-03
6.865028e-03
6.755194e-03
6.866037e-03
8.287674e-03
6.592122e-03
8.619840e-03
7.614894e-03
7.401767e-03
6.210634e-03
5.873133e-03
6.357651e-03
6.641483e-03
8.851463e-03
7.178515e-03
5.297201e-03
5.796678e-03
8.083562e-03
5.834956e-03
5.373864e-03
6.744226e-03
1.013779e-02
8.462984e-03
5.346342e-03
5.262335e-03
5.847645e-03
7.393452e-03
6.544254e-03
4.430795e-03
5.238404e-03
3.012308e-03
4.664967e-03
5.175351e-03
9.139246e-03
8.869507e-03
6.435636e-03
8.916511e-03
9.506549e-03
5.696529e-03
4.964466e-03
4.840183e-03
5.619738e-03
4.235001e-03
5.170019e-03
5.408983e-03
5.727133e-03
4.748426e-03
5.700593e-03
3.188692e-03
3.999872e-03
5.011531e-03
3.610561e-03
4.843211e-03
7.256547e-03
7.278925e-03
7.388677e-03
9.744374e-03
6.114386e-03
4.305744e-03
3.734447e-03
4.763147e-03
9.534022e-03
7.937807e-03
5.100093e-03
5.056476e-03
6.924732e-03
5.733343e-03
3.866449e-03
4.811058e-03
6.510583e-03
4.393678e-03
1.914860e-03
3.030567e-03
5.784328e-03
4.112559e-03
3.132466e-03
4.236730e-03
4.935015e-03
4.675942e-03
3.058036e-03
4.243075e-03
4.336818e-03
7.600876e-03
4.290902e-03
5.490467e-03
4.326095e-03
3.331264e-03
4.853073e-03
4.355549e-03
4.861195e-03
4.441118e-03
3.991047e-03
3.980130e-03
3.818890e-03
3.290533e-03
5.111784e-03
3.932125e-03
4.407581e-03
5.102753e-03
4.400093e-03
4.514880e-03
3.995982e-03
5.254937e-03
4.703560e-03
4.420620e-03
4.956609e-03
5.126804e-03
3.909525e-03
3.160496e-03
4.995958e-03
5.865001e-03
4.246422e-03
4.168991e-03
3.510748e-03
4.952444e-03
4.221723e-03
3.381377e-03
5.129165e-03
3.411471e-03
4.364316e-03
2.833498e-03
3.446495e-03
4.053544e-03
3.890350e-03
5.128182e-03
4.449272e-03
5.192805e-03
3.068026e-03
3.630088e-03
1.962396e-03
3.805522e-03
3.601169e-03
4.367434e-03
3.716348e-03
3.956909e-03
2.909472e-03
3.574682e-03
2.899957e-03
3.914590e-03
5.052282e-03
2.575529e-03
3.451692e-03
3.628566e-03
2.833237e-03
1.727694e-03
2.230075e-03
3.179213e-03
3.751155e-03
2.455747e-03
2.859239e-03
1.545507e-03
2.220723e-03
4.180477e-03
4.083600e-03
5.245998e-03
4.486296e-03
3.425993e-03
3.932219e-03
2.724137e-03
3.678893e-03
5.224797e-03
3.545319e-03
3.710448e-03
2.672233e-03
2.872182e-03
3.318697e-03
3.650306e-03
2.939434e-03
3.312812e-03
3.097557e-03
3.689231e-03
2.217504e-03
1.589087e-03
4.532810e-03
3.315646e-03
3.044569e-03
5.435408e-03
2.418175e-03
2.660791e-03
4.620087e-03
2.394131e-03
1.796425e-03
3.678150e-03
2.860765e-03
2.729197e-03
4.585743e-03
3.161983e-03
4.648624e-03
3.347131e-03
1.708899e-03
1.783308e-03
2.717385e-03
3.039887e-03
2.528673e-03
2.882883e-03
3.064267e-03
3.660268e-03
2.830249e-03
2.744698e-03
3.570395e-03
3.139342e-03
3.207307e-03
3.281312e-03
3.504692e-03
3.315480e-03
4.164449e-03
2.516702e-03
2.286854e-03
2.612357e-03
3.256788e-03
2.493085e-03
2.582214e-03
3.323411e-03
1.836680e-03
2.644761e-03
2.186429e-03
2.270086e-03
1.776163e-03
2.241725e-03
2.473576e-03
2.108192e-03
2.570791e-03
2.465039e-03
3.257394e-03
3.758084e-03
2.523377e-03
2.726607e-03
2.557368e-03
2.092743e-03
2.076825e-03
2.346363e-03
1.406366e-03
2.905086e-03
2.384804e-03
1.797235e-03
2.680877e-03
2.874290e-03
2.557737e-03
2.632045e-03
1.813528e-03
2.255643e-03
2.538369e-03
1.926682e-03
2.418337e-03
2.878863e-03
2.011647e-03
2.156496e-03
2.108888e-03
2.137246e-03
1.920321e-03
2.607635e-03
1.445823e-03
2.165700e-03
2.515940e-03
2.011112e-03
